19086038
19086050
19086052
19089047
19090019
19090021
19093042
19093043
19095061
19096002
19096005
19096006
19098005
19098017
19098018
19098020
19102020
19102023
19103041
19104012
19107045
19111038
19111051
19112012
19112029
19113030
19114007
19114022
19116035
19120047
19120048
19122054
19124025
19126015
19127045
19128002
19084053
19084055
19086060
19086061
19086062
19086063
19086064
19086066
19087038
19087042
19110015
19116002
19125044
19125049
19126008
19126011
19127047
19083050
19084032
19084033
19085039
19086016
19086026
19088052
19088053
19088055
19089005
19095031
19097001
19097005
19097040
19097046
19100054
19102055
19103007
19103022
19107002
19115020
19117030
19122004
19122005
19122010
19126043
19088051
19097057
19110051
19117036
19120021
19120025